  1.0000000e+000  1.0530391e-001  6.5574790e-002  2.2314468e-001  1.0725896e-001 -7.2575380e-002 -6.6673619e-002 -7.0234637e-002  4.2058241e-003  1.1469677e-001  6.2832194e-002  6.7172071e-002  7.7466612e-002  4.0973939e-002  4.5025879e-003  1.7575085e-002 -7.5184924e-002  7.3349846e-002 -9.9164068e-002 -3.1396244e-002
  1.0530391e-001  1.0000000e+000  2.2215242e-001  1.1770109e-001  1.0188374e-001 -2.7003108e-001 -1.9563344e-002 -4.7181089e-002  9.2078068e-002  1.1037808e-001  1.5392679e-001  9.7828800e-002  2.5657666e-001  1.8920819e-001  3.7082773e-002 -9.0573251e-002 -4.1266180e-002 -2.3974963e-002 -5.4393220e-002 -1.0634842e-001
  6.5574790e-002  2.2215242e-001  1.0000000e+000  2.9461466e-001  2.4819366e-001 -7.7927681e-002 -2.2269611e-001  1.7895869e-002 -6.9840539e-002  2.5464883e-001  1.5765025e-001 -1.8018197e-002  3.5159659e-001 -1.0245768e-001 -6.9105425e-002 -7.2163733e-002  8.9635266e-002  7.1056768e-002  1.5872733e-002  3.8685196e-002
  2.2314468e-001  1.1770109e-001  2.9461466e-001  1.0000000e+000  2.0843352e-001  3.0635278e-002 -9.2357784e-002  4.6681441e-002 -5.3421053e-002  1.0936912e-001  1.1725816e-001  1.3403866e-001  1.8835144e-001  7.1401566e-002 -2.3443528e-002 -7.4947170e-002  1.3038841e-001 -3.0860348e-002  9.9019285e-002  1.0223401e-001
  1.0725896e-001  1.0188374e-001  2.4819366e-001  2.0843352e-001  1.0000000e+000  3.4002058e-002 -3.1146926e-002  2.5937204e-002 -1.5728354e-001  2.3474731e-003  5.6825657e-002 -4.2681816e-002  2.5031746e-002 -7.0997716e-002 -3.2015763e-002 -9.8494497e-002 -8.0624792e-003  1.0081201e-002 -7.6485544e-003  3.1325497e-002
 -7.2575380e-002 -2.7003108e-001 -7.7927681e-002  3.0635278e-002  3.4002058e-002  1.0000000e+000 -2.0987619e-001 -8.2738616e-002  1.7930183e-002 -7.4708693e-002 -1.3604380e-001 -8.9468949e-003 -7.0215696e-002  8.8831020e-002  4.3003255e-002 -6.9960974e-002  1.9498588e-002 -8.7643970e-003  1.1472746e-001  7.0775041e-002
 -6.6673619e-002 -1.9563344e-002 -2.2269611e-001 -9.2357784e-002 -3.1146926e-002 -2.0987619e-001  1.0000000e+000  1.0930184e-001  8.5010545e-002 -1.4265502e-001 -1.1732721e-001 -4.4936742e-002 -4.1140438e-002 -4.8254385e-002  8.8654276e-002  1.2458231e-001 -1.1549346e-001  6.3255240e-003 -1.2885816e-001 -1.7989932e-001
 -7.0234637e-002 -4.7181089e-002  1.7895869e-002  4.6681441e-002  2.5937204e-002 -8.2738616e-002  1.0930184e-001  1.0000000e+000 -6.0058177e-002 -8.3161581e-002 -5.7283687e-002  3.6233815e-002  6.3258870e-002 -5.9680104e-002  2.9647702e-002  1.5498719e-001 -1.8307409e-001 -1.1919551e-001  1.3836974e-001 -1.3196719e-002
  4.2058241e-003  9.2078068e-002 -6.9840539e-002 -5.3421053e-002 -1.5728354e-001  1.7930183e-002  8.5010545e-002 -6.0058177e-002  1.0000000e+000  1.0420276e-001  9.8049245e-002  1.0793694e-001  2.8401728e-001  2.9552900e-001  8.5944306e-002  1.1519896e-001 -8.0410624e-002 -1.1669146e-001 -4.8872681e-002  7.2914337e-002
  1.1469677e-001  1.1037808e-001  2.5464883e-001  1.0936912e-001  2.3474731e-003 -7.4708693e-002 -1.4265502e-001 -8.3161581e-002  1.0420276e-001  1.0000000e+000  4.3080839e-001  4.0390744e-001  4.9289879e-001  2.4158533e-001  1.5074159e-001 -7.5208352e-002 -8.5934014e-002  2.7220684e-002  1.6278908e-001 -6.8289923e-002
  6.2832194e-002  1.5392679e-001  1.5765025e-001  1.1725816e-001  5.6825657e-002 -1.3604380e-001 -1.1732721e-001 -5.7283687e-002  9.8049245e-002  4.3080839e-001  1.0000000e+000  2.6547711e-001  4.1777982e-001  1.7154272e-001  3.2050747e-001 -7.9209751e-002 -1.6625369e-001 -7.9315093e-002 -1.1126473e-001 -7.0729797e-002
  6.7172071e-002  9.7828800e-002 -1.8018197e-002  1.3403866e-001 -4.2681816e-002 -8.9468949e-003 -4.4936742e-002  3.6233815e-002  1.0793694e-001  4.0390744e-001  2.6547711e-001  1.0000000e+000  2.5065267e-001  1.5949176e-001  1.2183557e-001 -5.7424511e-002 -1.5468758e-002 -1.1313003e-001  4.7859159e-002 -1.1384536e-002
  7.7466612e-002  2.5657666e-001  3.5159659e-001  1.8835144e-001  2.5031746e-002 -7.0215696e-002 -4.1140438e-002  6.3258870e-002  2.8401728e-001  4.9289879e-001  4.1777982e-001  2.5065267e-001  1.0000000e+000  1.7279943e-001 -4.6082683e-003 -2.9994908e-002 -1.9555793e-001 -3.3465929e-002 -6.3695297e-002 -9.2022623e-002
  4.0973939e-002  1.8920819e-001 -1.0245768e-001  7.1401566e-002 -7.0997716e-002  8.8831020e-002 -4.8254385e-002 -5.9680104e-002  2.9552900e-001  2.4158533e-001  1.7154272e-001  1.5949176e-001  1.7279943e-001  1.0000000e+000  1.0250417e-001 -7.0678564e-002  5.3960214e-002 -7.3752137e-002  1.1151231e-001  1.5583791e-001
  4.5025879e-003  3.7082773e-002 -6.9105425e-002 -2.3443528e-002 -3.2015763e-002  4.3003255e-002  8.8654276e-002  2.9647702e-002  8.5944306e-002  1.5074159e-001  3.2050747e-001  1.2183557e-001 -4.6082683e-003  1.0250417e-001  1.0000000e+000  4.7381937e-002 -1.4236290e-001 -1.1695424e-001 -1.1813476e-001  1.0196537e-001
  1.7575085e-002 -9.0573251e-002 -7.2163733e-002 -7.4947170e-002 -9.8494497e-002 -6.9960974e-002  1.2458231e-001  1.5498719e-001  1.1519896e-001 -7.5208352e-002 -7.9209751e-002 -5.7424511e-002 -2.9994908e-002 -7.0678564e-002  4.7381937e-002  1.0000000e+000  2.9790244e-002 -6.6476365e-002 -6.7611912e-002  4.7992639e-002
 -7.5184924e-002 -4.1266180e-002  8.9635266e-002  1.3038841e-001 -8.0624792e-003  1.9498588e-002 -1.1549346e-001 -1.8307409e-001 -8.0410624e-002 -8.5934014e-002 -1.6625369e-001 -1.5468758e-002 -1.9555793e-001  5.3960214e-002 -1.4236290e-001  2.9790244e-002  1.0000000e+000  1.8888063e-001  3.3119868e-001  1.8637878e-001
  7.3349846e-002 -2.3974963e-002  7.1056768e-002 -3.0860348e-002  1.0081201e-002 -8.7643970e-003  6.3255240e-003 -1.1919551e-001 -1.1669146e-001  2.7220684e-002 -7.9315093e-002 -1.1313003e-001 -3.3465929e-002 -7.3752137e-002 -1.1695424e-001 -6.6476365e-002  1.8888063e-001  1.0000000e+000  1.6120842e-001 -1.4678186e-001
 -9.9164068e-002 -5.4393220e-002  1.5872733e-002  9.9019285e-002 -7.6485544e-003  1.1472746e-001 -1.2885816e-001  1.3836974e-001 -4.8872681e-002  1.6278908e-001 -1.1126473e-001  4.7859159e-002 -6.3695297e-002  1.1151231e-001 -1.1813476e-001 -6.7611912e-002  3.3119868e-001  1.6120842e-001  1.0000000e+000  1.3623350e-001
 -3.1396244e-002 -1.0634842e-001  3.8685196e-002  1.0223401e-001  3.1325497e-002  7.0775041e-002 -1.7989932e-001 -1.3196719e-002  7.2914337e-002 -6.8289923e-002 -7.0729797e-002 -1.1384536e-002 -9.2022623e-002  1.5583791e-001  1.0196537e-001  4.7992639e-002  1.8637878e-001 -1.4678186e-001  1.3623350e-001  1.0000000e+000
