  1.0000000e+000  2.4291990e-001  2.4590773e-001 -3.2310192e-004 -1.3288702e-001  1.3544383e-001 -3.0789981e-002  9.4813255e-003 -5.9798034e-003 -4.5560063e-002
  2.4291990e-001  1.0000000e+000  2.1315973e-001 -1.0662669e-002  8.1111595e-002  4.2025546e-002 -4.1791026e-002 -1.4482290e-001 -3.7736184e-002 -2.8288712e-002
  2.4590773e-001  2.1315973e-001  1.0000000e+000  1.3472319e-001  1.5446408e-001  9.5502154e-002 -5.2466298e-002 -1.9677169e-002 -8.3309008e-002  9.2358427e-003
 -3.2310192e-004 -1.0662669e-002  1.3472319e-001  1.0000000e+000  4.3271418e-002  4.6280980e-002  8.8256140e-002  1.5901437e-001  1.3051355e-001  1.1382562e-001
 -1.3288702e-001  8.1111595e-002  1.5446408e-001  4.3271418e-002  1.0000000e+000 -9.4315489e-002 -3.5769120e-002 -7.7040938e-002  1.9038208e-002 -2.0084354e-002
  1.3544383e-001  4.2025546e-002  9.5502154e-002  4.6280980e-002 -9.4315489e-002  1.0000000e+000  3.8609135e-002 -3.9191602e-002  1.1864473e-001  6.3662081e-002
 -3.0789981e-002 -4.1791026e-002 -5.2466298e-002  8.8256140e-002 -3.5769120e-002  3.8609135e-002  1.0000000e+000  1.7244532e-001  2.8713561e-001  1.4316771e-001
  9.4813255e-003 -1.4482290e-001 -1.9677169e-002  1.5901437e-001 -7.7040938e-002 -3.9191602e-002  1.7244532e-001  1.0000000e+000  3.5686834e-001  3.1030756e-001
 -5.9798034e-003 -3.7736184e-002 -8.3309008e-002  1.3051355e-001  1.9038208e-002  1.1864473e-001  2.8713561e-001  3.5686834e-001  1.0000000e+000  2.8833211e-001
 -4.5560063e-002 -2.8288712e-002  9.2358427e-003  1.1382562e-001 -2.0084354e-002  6.3662081e-002  1.4316771e-001  3.1030756e-001  2.8833211e-001  1.0000000e+000
