   1.0000000e+00   1.4169483e-01   4.3020256e-02   9.2161165e-03   2.6157136e-02   6.3690610e-02   2.2226273e-02   2.4929040e-02   4.3772361e-02   1.1416794e-01   1.9554731e-02   5.3270782e-02   2.8774456e-02   2.4047862e-02   7.7751819e-03   5.4555989e-03   4.8777246e-03   1.0721662e-03   9.6998956e-04   5.7473303e-03   3.9441318e-03   4.3051750e-03   2.3916253e-03   6.4134055e-03   7.5187817e-03   6.7197186e-03   3.3508518e-03   4.5103976e-03   3.3717789e-03   8.1922566e-04
   1.4169483e-01   1.0000000e+00   3.7209307e-02   9.6391132e-03   5.9827472e-02   4.4600360e-02   2.2268902e-02   1.8257240e-02   9.7870769e-02   3.9523892e-02   6.2006706e-03   3.0680500e-02   1.7655841e-02   1.2474426e-02   4.6224571e-03   9.0065603e-04   7.6249386e-04   4.6198913e-04   8.6296457e-04   1.2779822e-03   2.5291673e-03   2.4493811e-03   1.7208878e-03   8.4949989e-04   2.7403847e-03   2.3888522e-03   1.4452139e-03   2.7235028e-03   5.8740541e-04   3.8130014e-04
   4.3020256e-02   3.7209307e-02   1.0000000e+00   9.9958404e-03   1.9574437e-02   1.2771773e-02   3.3468140e-03   3.1676012e-03   2.1448758e-02   1.4159859e-02   2.3609355e-03   3.4310080e-02   7.8558500e-03   3.5710623e-03   1.0327585e-03   3.2000679e-03   1.2130878e-03   2.4952396e-03   5.3089236e-04   1.4763356e-03   1.0857928e-03   6.2710203e-04   2.4101609e-03   3.0868240e-03   9.3171773e-03   2.4848451e-03   1.2568134e-03   2.2105429e-03   1.4511810e-03   1.2265170e-03
   9.2161165e-03   9.6391132e-03   9.9958404e-03   1.0000000e+00   1.7164453e-02   1.8621454e-02   1.8432620e-02   2.2332103e-03   1.8522183e-02   2.3426579e-02   5.9430005e-03   7.7539440e-03   2.7080605e-02   1.3661499e-02   4.8550985e-04   8.7591743e-05   2.0342672e-05   2.5702964e-05   4.8680125e-05   1.7849647e-04   2.8854778e-04   3.2963407e-05   2.0048719e-04   2.4984307e-04   4.8900846e-04   1.0223851e-03   4.7079161e-04   4.7393540e-06   1.7106989e-04   1.1254435e-04
   2.6157136e-02   5.9827472e-02   1.9574437e-02   1.7164453e-02   1.0000000e+00   2.9222847e-02   1.5316421e-02   1.5905778e-02   3.9892926e-02   4.0477513e-02   6.1981757e-03   4.3445433e-02   2.1078799e-02   2.2009976e-03   5.3119483e-04   7.1330478e-05   6.7399262e-05   6.7095620e-05   4.9877071e-05   2.3827749e-04   1.1172193e-03   3.1235062e-04   1.7416629e-04   2.4003544e-04   8.7892500e-04   1.2911852e-03   9.0839087e-05   5.3535703e-04   2.8557313e-04   3.4812615e-05
   6.3690610e-02   4.4600360e-02   1.2771773e-02   1.8621454e-02   2.9222847e-02   1.0000000e+00   5.7013254e-02   3.8739273e-02   7.1760254e-02   1.1017098e-01   3.3946109e-02   6.6533303e-02   3.5215752e-02   5.1137399e-02   1.4132112e-02   1.8773898e-03   3.9624197e-03   1.0198634e-03   2.0751482e-03   1.5702171e-03   5.5496784e-03   5.2343245e-03   3.9690019e-03   2.6102934e-03   5.3521331e-03   1.6324875e-03   4.0364411e-03   3.1563925e-03   3.1166285e-03   1.1839607e-03
   2.2226273e-02   2.2268902e-02   3.3468140e-03   1.8432620e-02   1.5316421e-02   5.7013254e-02   1.0000000e+00   4.4965917e-02   5.6510900e-02   4.0277969e-02   2.8159615e-02   3.1029263e-02   8.5627677e-02   6.6893071e-02   2.4001939e-03   7.0649362e-04   6.8947892e-04   3.1016053e-04   1.3930976e-04   9.2613502e-04   3.0957011e-03   1.2442068e-03   7.6733839e-04   8.6644156e-04   2.5425332e-03   6.7533278e-04   9.8740085e-04   6.1182367e-04   1.3354414e-03   2.2663685e-04
   2.4929040e-02   1.8257240e-02   3.1676012e-03   2.2332103e-03   1.5905778e-02   3.8739273e-02   4.4965917e-02   1.0000000e+00   2.5698127e-02   5.1098659e-02   6.6159086e-02   4.4650502e-02   5.9616312e-02   1.1789076e-01   5.4592797e-03   2.6849662e-04   1.9421235e-04   7.6464615e-05   1.5033907e-04   5.4016627e-04   8.5863143e-04   2.3526486e-04   4.6766510e-04   4.3255461e-04   9.3868983e-04   3.9907253e-04   2.8533345e-04   2.1247276e-04   4.3403495e-04   1.0518406e-04
   4.3772361e-02   9.7870769e-02   2.1448758e-02   1.8522183e-02   3.9892926e-02   7.1760254e-02   5.6510900e-02   2.5698127e-02   1.0000000e+00   4.6504559e-02   2.1959175e-02   1.9093874e-02   5.6446918e-02   3.5658129e-02   8.1221570e-03   2.4171155e-03   2.4059059e-03   1.9419147e-03   8.8990680e-04   3.9455010e-03   6.8586656e-03   4.6011360e-03   3.9652106e-03   1.3466063e-03   2.6107032e-03   2.5787023e-03   1.9432793e-03   1.8848459e-03   6.7543412e-04   2.9438467e-03
   1.1416794e-01   3.9523892e-02   1.4159859e-02   2.3426579e-02   4.0477513e-02   1.1017098e-01   4.0277969e-02   5.1098659e-02   4.6504559e-02   1.0000000e+00   6.9283676e-02   4.9197236e-02   4.9137348e-02   4.8916829e-02   4.2404179e-03   8.6049324e-04   4.4747300e-04   7.2048087e-04   1.3345296e-04   1.3738265e-03   1.8421251e-03   7.3641152e-04   1.6044314e-03   2.4515763e-03   2.2233456e-03   2.2061482e-03   1.0577212e-03   1.7169692e-03   1.1379430e-03   1.5825789e-04
   1.9554731e-02   6.2006706e-03   2.3609355e-03   5.9430005e-03   6.1981757e-03   3.3946109e-02   2.8159615e-02   6.6159086e-02   2.1959175e-02   6.9283676e-02   1.0000000e+00   1.6432745e-02   2.2621048e-02   6.9492124e-02   5.6220574e-04   3.5612464e-05   1.9457573e-04   2.6816498e-05   2.3155285e-06   4.1739714e-04   1.4869677e-04   1.1450242e-04   2.6811272e-04   2.1948069e-05   2.3701956e-04   6.6853365e-05   2.1510483e-05   1.5423839e-04   3.9526273e-05   6.3386395e-06
   5.3270782e-02   3.0680500e-02   3.4310080e-02   7.7539440e-03   4.3445433e-02   6.6533303e-02   3.1029263e-02   4.4650502e-02   1.9093874e-02   4.9197236e-02   1.6432745e-02   1.0000000e+00   3.0039738e-02   4.6017031e-02   1.8119003e-02   1.0102603e-02   1.1835441e-02   3.2552001e-03   2.0114392e-03   6.0498459e-03   8.1843842e-03   9.2962332e-03   2.7536517e-03   8.6052874e-03   1.8113990e-02   5.4996240e-03   6.5903646e-03   4.7190944e-03   9.9103057e-03   3.5401138e-03
   2.8774456e-02   1.7655841e-02   7.8558500e-03   2.7080605e-02   2.1078799e-02   3.5215752e-02   8.5627677e-02   5.9616312e-02   5.6446918e-02   4.9137348e-02   2.2621048e-02   3.0039738e-02   1.0000000e+00   3.9277286e-02   6.6951054e-03   1.3150935e-03   5.3804865e-04   1.0238036e-03   3.8443472e-04   3.0037611e-03   2.2117367e-03   7.5088864e-04   8.8678035e-04   1.6626608e-03   1.1287553e-03   1.1810101e-03   7.7966127e-04   7.8975471e-04   1.5064831e-03   3.3237558e-04
   2.4047862e-02   1.2474426e-02   3.5710623e-03   1.3661499e-02   2.2009976e-03   5.1137399e-02   6.6893071e-02   1.1789076e-01   3.5658129e-02   4.8916829e-02   6.9492124e-02   4.6017031e-02   3.9277286e-02   1.0000000e+00   1.6657261e-03   1.0511121e-04   9.6851271e-05   7.9786394e-05   7.9700735e-05   1.7468342e-04   3.4596105e-04   1.2265113e-04   2.2383852e-04   3.8617602e-05   4.3446053e-04   1.2523767e-04   2.4922918e-04   5.7836709e-05   4.3780731e-05   2.8156578e-05
   7.7751819e-03   4.6224571e-03   1.0327585e-03   4.8550985e-04   5.3119483e-04   1.4132112e-02   2.4001939e-03   5.4592797e-03   8.1221570e-03   4.2404179e-03   5.6220574e-04   1.8119003e-02   6.6951054e-03   1.6657261e-03   1.0000000e+00   3.4703054e-01   3.1730352e-01   2.5278616e-01   3.1160684e-01   4.2324090e-01   4.2984868e-01   3.8756786e-01   3.2674548e-01   3.0802429e-01   2.9033543e-01   3.8976646e-01   3.9624677e-01   3.5471365e-01   3.5172546e-01   3.1196567e-01
   5.4555989e-03   9.0065603e-04   3.2000679e-03   8.7591743e-05   7.1330478e-05   1.8773898e-03   7.0649362e-04   2.6849662e-04   2.4171155e-03   8.6049324e-04   3.5612464e-05   1.0102603e-02   1.3150935e-03   1.0511121e-04   3.4703054e-01   1.0000000e+00   4.8309766e-01   4.3960026e-01   4.1570036e-01   3.5622412e-01   4.1249941e-01   4.2153165e-01   3.9910659e-01   4.3174655e-01   5.0042836e-01   4.3152997e-01   4.0441998e-01   3.8154763e-01   4.6365129e-01   4.3512520e-01
   4.8777246e-03   7.6249386e-04   1.2130878e-03   2.0342672e-05   6.7399262e-05   3.9624197e-03   6.8947892e-04   1.9421235e-04   2.4059059e-03   4.4747300e-04   1.9457573e-04   1.1835441e-02   5.3804865e-04   9.6851271e-05   3.1730352e-01   4.8309766e-01   1.0000000e+00   3.9242283e-01   3.3939341e-01   4.4860288e-01   4.8130924e-01   4.2117041e-01   3.7382980e-01   4.0539570e-01   3.6147619e-01   4.0339739e-01   4.3658270e-01   4.1315351e-01   3.4867855e-01   4.5280064e-01
   1.0721662e-03   4.6198913e-04   2.4952396e-03   2.5702964e-05   6.7095620e-05   1.0198634e-03   3.1016053e-04   7.6464615e-05   1.9419147e-03   7.2048087e-04   2.6816498e-05   3.2552001e-03   1.0238036e-03   7.9786394e-05   2.5278616e-01   4.3960026e-01   3.9242283e-01   1.0000000e+00   4.0485273e-01   3.1877660e-01   3.6821987e-01   3.5758641e-01   4.1208758e-01   3.5316358e-01   4.2931451e-01   4.3344967e-01   4.4407420e-01   4.2438553e-01   3.5250445e-01   3.6685888e-01
   9.6998956e-04   8.6296457e-04   5.3089236e-04   4.8680125e-05   4.9877071e-05   2.0751482e-03   1.3930976e-04   1.5033907e-04   8.8990680e-04   1.3345296e-04   2.3155285e-06   2.0114392e-03   3.8443472e-04   7.9700735e-05   3.1160684e-01   4.1570036e-01   3.3939341e-01   4.0485273e-01   1.0000000e+00   2.9659898e-01   3.1014693e-01   4.8814104e-01   3.3418387e-01   3.9630593e-01   3.5455130e-01   3.9407580e-01   4.6877597e-01   3.5412535e-01   3.9065050e-01   4.0394154e-01
   5.7473303e-03   1.2779822e-03   1.4763356e-03   1.7849647e-04   2.3827749e-04   1.5702171e-03   9.2613502e-04   5.4016627e-04   3.9455010e-03   1.3738265e-03   4.1739714e-04   6.0498459e-03   3.0037611e-03   1.7468342e-04   4.2324090e-01   3.5622412e-01   4.4860288e-01   3.1877660e-01   2.9659898e-01   1.0000000e+00   4.7829169e-01   4.0586689e-01   3.3026182e-01   4.3473225e-01   3.1733106e-01   4.6102262e-01   4.2243953e-01   4.3565887e-01   3.5980425e-01   4.2263408e-01
   3.9441318e-03   2.5291673e-03   1.0857928e-03   2.8854778e-04   1.1172193e-03   5.5496784e-03   3.0957011e-03   8.5863143e-04   6.8586656e-03   1.8421251e-03   1.4869677e-04   8.1843842e-03   2.2117367e-03   3.4596105e-04   4.2984868e-01   4.1249941e-01   4.8130924e-01   3.6821987e-01   3.1014693e-01   4.7829169e-01   1.0000000e+00   4.3714008e-01   4.8069481e-01   4.2341195e-01   3.4189295e-01   4.7076945e-01   4.7033343e-01   4.8385766e-01   3.8933353e-01   4.3038574e-01
   4.3051750e-03   2.4493811e-03   6.2710203e-04   3.2963407e-05   3.1235062e-04   5.2343245e-03   1.2442068e-03   2.3526486e-04   4.6011360e-03   7.3641152e-04   1.1450242e-04   9.2962332e-03   7.5088864e-04   1.2265113e-04   3.8756786e-01   4.2153165e-01   4.2117041e-01   3.5758641e-01   4.8814104e-01   4.0586689e-01   4.3714008e-01   1.0000000e+00   4.4702356e-01   3.7171299e-01   3.4712400e-01   4.0336420e-01   4.9337494e-01   3.6069475e-01   4.7909463e-01   4.6007234e-01
   2.3916253e-03   1.7208878e-03   2.4101609e-03   2.0048719e-04   1.7416629e-04   3.9690019e-03   7.6733839e-04   4.6766510e-04   3.9652106e-03   1.6044314e-03   2.6811272e-04   2.7536517e-03   8.8678035e-04   2.2383852e-04   3.2674548e-01   3.9910659e-01   3.7382980e-01   4.1208758e-01   3.3418387e-01   3.3026182e-01   4.8069481e-01   4.4702356e-01   1.0000000e+00   3.1690042e-01   3.6658785e-01   3.7537033e-01   4.6833955e-01   4.4116110e-01   3.1551347e-01   4.9050382e-01
   6.4134055e-03   8.4949989e-04   3.0868240e-03   2.4984307e-04   2.4003544e-04   2.6102934e-03   8.6644156e-04   4.3255461e-04   1.3466063e-03   2.4515763e-03   2.1948069e-05   8.6052874e-03   1.6626608e-03   3.8617602e-05   3.0802429e-01   4.3174655e-01   4.0539570e-01   3.5316358e-01   3.9630593e-01   4.3473225e-01   4.2341195e-01   3.7171299e-01   3.1690042e-01   1.0000000e+00   3.7853543e-01   4.5667151e-01   4.3637174e-01   4.2719305e-01   4.8034059e-01   3.5842433e-01
   7.5187817e-03   2.7403847e-03   9.3171773e-03   4.8900846e-04   8.7892500e-04   5.3521331e-03   2.5425332e-03   9.3868983e-04   2.6107032e-03   2.2233456e-03   2.3701956e-04   1.8113990e-02   1.1287553e-03   4.3446053e-04   2.9033543e-01   5.0042836e-01   3.6147619e-01   4.2931451e-01   3.5455130e-01   3.1733106e-01   3.4189295e-01   3.4712400e-01   3.6658785e-01   3.7853543e-01   1.0000000e+00   4.0188255e-01   4.0446636e-01   3.7557577e-01   3.8390802e-01   3.4109013e-01
   6.7197186e-03   2.3888522e-03   2.4848451e-03   1.0223851e-03   1.2911852e-03   1.6324875e-03   6.7533278e-04   3.9907253e-04   2.5787023e-03   2.2061482e-03   6.6853365e-05   5.4996240e-03   1.1810101e-03   1.2523767e-04   3.8976646e-01   4.3152997e-01   4.0339739e-01   4.3344967e-01   3.9407580e-01   4.6102262e-01   4.7076945e-01   4.0336420e-01   3.7537033e-01   4.5667151e-01   4.0188255e-01   1.0000000e+00   5.0289059e-01   4.5424153e-01   4.2132189e-01   4.4430715e-01
   3.3508518e-03   1.4452139e-03   1.2568134e-03   4.7079161e-04   9.0839087e-05   4.0364411e-03   9.8740085e-04   2.8533345e-04   1.9432793e-03   1.0577212e-03   2.1510483e-05   6.5903646e-03   7.7966127e-04   2.4922918e-04   3.9624677e-01   4.0441998e-01   4.3658270e-01   4.4407420e-01   4.6877597e-01   4.2243953e-01   4.7033343e-01   4.9337494e-01   4.6833955e-01   4.3637174e-01   4.0446636e-01   5.0289059e-01   1.0000000e+00   4.9415248e-01   4.6548380e-01   4.8487254e-01
   4.5103976e-03   2.7235028e-03   2.2105429e-03   4.7393540e-06   5.3535703e-04   3.1563925e-03   6.1182367e-04   2.1247276e-04   1.8848459e-03   1.7169692e-03   1.5423839e-04   4.7190944e-03   7.8975471e-04   5.7836709e-05   3.5471365e-01   3.8154763e-01   4.1315351e-01   4.2438553e-01   3.5412535e-01   4.3565887e-01   4.8385766e-01   3.6069475e-01   4.4116110e-01   4.2719305e-01   3.7557577e-01   4.5424153e-01   4.9415248e-01   1.0000000e+00   4.1396113e-01   3.3841295e-01
   3.3717789e-03   5.8740541e-04   1.4511810e-03   1.7106989e-04   2.8557313e-04   3.1166285e-03   1.3354414e-03   4.3403495e-04   6.7543412e-04   1.1379430e-03   3.9526273e-05   9.9103057e-03   1.5064831e-03   4.3780731e-05   3.5172546e-01   4.6365129e-01   3.4867855e-01   3.5250445e-01   3.9065050e-01   3.5980425e-01   3.8933353e-01   4.7909463e-01   3.1551347e-01   4.8034059e-01   3.8390802e-01   4.2132189e-01   4.6548380e-01   4.1396113e-01   1.0000000e+00   3.6132749e-01
   8.1922566e-04   3.8130014e-04   1.2265170e-03   1.1254435e-04   3.4812615e-05   1.1839607e-03   2.2663685e-04   1.0518406e-04   2.9438467e-03   1.5825789e-04   6.3386395e-06   3.5401138e-03   3.3237558e-04   2.8156578e-05   3.1196567e-01   4.3512520e-01   4.5280064e-01   3.6685888e-01   4.0394154e-01   4.2263408e-01   4.3038574e-01   4.6007234e-01   4.9050382e-01   3.5842433e-01   3.4109013e-01   4.4430715e-01   4.8487254e-01   3.3841295e-01   3.6132749e-01   1.0000000e+00
