  0.0000000e+000	  9.8500896e-001	  9.8351467e-001	  9.8405536e-001	  0.0000000e+000	  0.0000000e+000	  0.0000000e+000	  0.0000000e+000	  0.0000000e+000	  0.0000000e+000	  0.0000000e+000	  0.0000000e+000	  0.0000000e+000	  0.0000000e+000	  0.0000000e+000	  0.0000000e+000	  0.0000000e+000	  0.0000000e+000	  0.0000000e+000	  0.0000000e+000	
  9.8500896e-001	  0.0000000e+000	  9.8484865e-001	  9.8457653e-001	  0.0000000e+000	  0.0000000e+000	  0.0000000e+000	  0.0000000e+000	  0.0000000e+000	  0.0000000e+000	  0.0000000e+000	  0.0000000e+000	  0.0000000e+000	  0.0000000e+000	  0.0000000e+000	  0.0000000e+000	  0.0000000e+000	  0.0000000e+000	  0.0000000e+000	  0.0000000e+000	
  9.8351467e-001	  9.8484865e-001	  0.0000000e+000	  9.8375067e-001	  0.0000000e+000	  0.0000000e+000	  0.0000000e+000	  0.0000000e+000	  0.0000000e+000	  0.0000000e+000	  0.0000000e+000	  0.0000000e+000	  0.0000000e+000	  0.0000000e+000	  0.0000000e+000	  0.0000000e+000	  0.0000000e+000	  0.0000000e+000	  0.0000000e+000	  0.0000000e+000	
  9.8405536e-001	  9.8457653e-001	  9.8375067e-001	  0.0000000e+000	  0.0000000e+000	  0.0000000e+000	  0.0000000e+000	  0.0000000e+000	  0.0000000e+000	  0.0000000e+000	  0.0000000e+000	  0.0000000e+000	  0.0000000e+000	  0.0000000e+000	  0.0000000e+000	  0.0000000e+000	  0.0000000e+000	  0.0000000e+000	  0.0000000e+000	  0.0000000e+000	
  0.0000000e+000	  0.0000000e+000	  0.0000000e+000	  0.0000000e+000	  0.0000000e+000	  9.8415837e-001	  9.7964111e-001	  9.8271928e-001	  0.0000000e+000	  0.0000000e+000	  0.0000000e+000	  0.0000000e+000	  7.3491424e-001	  7.2204375e-001	  7.2689486e-001	  7.2964509e-001	  0.0000000e+000	  0.0000000e+000	  0.0000000e+000	  0.0000000e+000	
  0.0000000e+000	  0.0000000e+000	  0.0000000e+000	  0.0000000e+000	  9.8415837e-001	  0.0000000e+000	  9.8165828e-001	  9.8289437e-001	  0.0000000e+000	  0.0000000e+000	  0.0000000e+000	  0.0000000e+000	  7.4160155e-001	  7.2837701e-001	  7.3118221e-001	  7.3602887e-001	  0.0000000e+000	  0.0000000e+000	  0.0000000e+000	  0.0000000e+000	
  0.0000000e+000	  0.0000000e+000	  0.0000000e+000	  0.0000000e+000	  9.7964111e-001	  9.8165828e-001	  0.0000000e+000	  9.8162206e-001	  0.0000000e+000	  0.0000000e+000	  0.0000000e+000	  0.0000000e+000	  7.3849541e-001	  7.2820694e-001	  7.2973012e-001	  7.3149284e-001	  0.0000000e+000	  0.0000000e+000	  0.0000000e+000	  0.0000000e+000	
  0.0000000e+000	  0.0000000e+000	  0.0000000e+000	  0.0000000e+000	  9.8271928e-001	  9.8289437e-001	  9.8162206e-001	  0.0000000e+000	  0.0000000e+000	  0.0000000e+000	  0.0000000e+000	  0.0000000e+000	  7.2778543e-001	  7.1570629e-001	  7.1779663e-001	  7.2223048e-001	  0.0000000e+000	  0.0000000e+000	  0.0000000e+000	  0.0000000e+000	
  0.0000000e+000	  0.0000000e+000	  0.0000000e+000	  0.0000000e+000	  0.0000000e+000	  0.0000000e+000	  0.0000000e+000	  0.0000000e+000	  0.0000000e+000	  9.8153927e-001	  9.8389423e-001	  9.8394553e-001	  0.0000000e+000	  0.0000000e+000	  0.0000000e+000	  0.0000000e+000	  0.0000000e+000	  0.0000000e+000	  0.0000000e+000	  0.0000000e+000	
  0.0000000e+000	  0.0000000e+000	  0.0000000e+000	  0.0000000e+000	  0.0000000e+000	  0.0000000e+000	  0.0000000e+000	  0.0000000e+000	  9.8153927e-001	  0.0000000e+000	  9.8311148e-001	  9.8156438e-001	  0.0000000e+000	  0.0000000e+000	  0.0000000e+000	  0.0000000e+000	  0.0000000e+000	  0.0000000e+000	  0.0000000e+000	  0.0000000e+000	
  0.0000000e+000	  0.0000000e+000	  0.0000000e+000	  0.0000000e+000	  0.0000000e+000	  0.0000000e+000	  0.0000000e+000	  0.0000000e+000	  9.8389423e-001	  9.8311148e-001	  0.0000000e+000	  9.8496250e-001	  0.0000000e+000	  0.0000000e+000	  0.0000000e+000	  0.0000000e+000	  0.0000000e+000	  0.0000000e+000	  0.0000000e+000	  0.0000000e+000	
  0.0000000e+000	  0.0000000e+000	  0.0000000e+000	  0.0000000e+000	  0.0000000e+000	  0.0000000e+000	  0.0000000e+000	  0.0000000e+000	  9.8394553e-001	  9.8156438e-001	  9.8496250e-001	  0.0000000e+000	  0.0000000e+000	  0.0000000e+000	  0.0000000e+000	  0.0000000e+000	  0.0000000e+000	  0.0000000e+000	  0.0000000e+000	  0.0000000e+000	
  0.0000000e+000	  0.0000000e+000	  0.0000000e+000	  0.0000000e+000	  7.3491424e-001	  7.4160155e-001	  7.3849541e-001	  7.2778543e-001	  0.0000000e+000	  0.0000000e+000	  0.0000000e+000	  0.0000000e+000	  0.0000000e+000	  9.8049416e-001	  9.8354615e-001	  9.8021658e-001	  0.0000000e+000	  0.0000000e+000	  0.0000000e+000	  0.0000000e+000	
  0.0000000e+000	  0.0000000e+000	  0.0000000e+000	  0.0000000e+000	  7.2204375e-001	  7.2837701e-001	  7.2820694e-001	  7.1570629e-001	  0.0000000e+000	  0.0000000e+000	  0.0000000e+000	  0.0000000e+000	  9.8049416e-001	  0.0000000e+000	  9.8357511e-001	  9.8089834e-001	  0.0000000e+000	  0.0000000e+000	  0.0000000e+000	  0.0000000e+000	
  0.0000000e+000	  0.0000000e+000	  0.0000000e+000	  0.0000000e+000	  7.2689486e-001	  7.3118221e-001	  7.2973012e-001	  7.1779663e-001	  0.0000000e+000	  0.0000000e+000	  0.0000000e+000	  0.0000000e+000	  9.8354615e-001	  9.8357511e-001	  0.0000000e+000	  9.8061214e-001	  0.0000000e+000	  0.0000000e+000	  0.0000000e+000	  0.0000000e+000	
  0.0000000e+000	  0.0000000e+000	  0.0000000e+000	  0.0000000e+000	  7.2964509e-001	  7.3602887e-001	  7.3149284e-001	  7.2223048e-001	  0.0000000e+000	  0.0000000e+000	  0.0000000e+000	  0.0000000e+000	  9.8021658e-001	  9.8089834e-001	  9.8061214e-001	  0.0000000e+000	  0.0000000e+000	  0.0000000e+000	  0.0000000e+000	  0.0000000e+000	
  0.0000000e+000	  0.0000000e+000	  0.0000000e+000	  0.0000000e+000	  0.0000000e+000	  0.0000000e+000	  0.0000000e+000	  0.0000000e+000	  0.0000000e+000	  0.0000000e+000	  0.0000000e+000	  0.0000000e+000	  0.0000000e+000	  0.0000000e+000	  0.0000000e+000	  0.0000000e+000	  0.0000000e+000	  9.8121421e-001	  9.8133920e-001	  9.8147252e-001	
  0.0000000e+000	  0.0000000e+000	  0.0000000e+000	  0.0000000e+000	  0.0000000e+000	  0.0000000e+000	  0.0000000e+000	  0.0000000e+000	  0.0000000e+000	  0.0000000e+000	  0.0000000e+000	  0.0000000e+000	  0.0000000e+000	  0.0000000e+000	  0.0000000e+000	  0.0000000e+000	  9.8121421e-001	  0.0000000e+000	  9.8376445e-001	  9.8048200e-001	
  0.0000000e+000	  0.0000000e+000	  0.0000000e+000	  0.0000000e+000	  0.0000000e+000	  0.0000000e+000	  0.0000000e+000	  0.0000000e+000	  0.0000000e+000	  0.0000000e+000	  0.0000000e+000	  0.0000000e+000	  0.0000000e+000	  0.0000000e+000	  0.0000000e+000	  0.0000000e+000	  9.8133920e-001	  9.8376445e-001	  0.0000000e+000	  9.8252385e-001	
  0.0000000e+000	  0.0000000e+000	  0.0000000e+000	  0.0000000e+000	  0.0000000e+000	  0.0000000e+000	  0.0000000e+000	  0.0000000e+000	  0.0000000e+000	  0.0000000e+000	  0.0000000e+000	  0.0000000e+000	  0.0000000e+000	  0.0000000e+000	  0.0000000e+000	  0.0000000e+000	  9.8147252e-001	  9.8048200e-001	  9.8252385e-001	  0.0000000e+000	
